4
0 -130 0 1 1 0 2 -360 -360 360 360 
1 -180 0 1 2 1 2 -360 -360 360 360 
2 -20 15 1 3 0 2 -10 -10 25 25 
3 -50 40 1 3 2 2 -90 -45 90 45 
5
1 0 
1 1 
1 2 
4 19 26 25 29 
23 3 4 5 6 7 8 9 10 11 12 13 14 15 16 17 18 20 21 22 23 24 27 28 
5
-1 0
1 0 0
0 1 0
0 0 1
0 0 0
0 0 0
0 2
0.990268 0.139173 0
-0.139173 0.990268 0
0 0 1
8.5 -2 -2.2
0 0 0
2 1
0.998649 -0.0517519 -0.00468928
0.0487907 0.964891 -0.25808
0.0178808 0.257503 0.966112
9.6 -2.3 -1.9
0 0 0
1 3
0.94001 0.125127 0.317371
-0.0303763 0.957311 -0.28746
-0.339791 0.260575 0.903683
9.6 -10.9 0.4
0 0 0
3 4
1 0 0
0 1 0
0 0 1
0 0 0
0 0 0
